tiles\g0000\t0000\Overwrite_error_20260205_g0000_t0000_s00531.tif;-620097;-619589;26550;531
tiles\g0000\t0001\Overwrite_error_20260205_g0000_t0001_s00531.tif;-430297;-619589;26550;531
tiles\g0001\t0000\Overwrite_error_20260205_g0001_t0000_s00531.tif;-675412;-491849;26550;531
tiles\g0000\t0000\Overwrite_error_20260205_g0000_t0000_s00532.tif;-620097;-619589;26600;532
tiles\g0000\t0001\Overwrite_error_20260205_g0000_t0001_s00532.tif;-430297;-619589;26600;532
tiles\g0001\t0000\Overwrite_error_20260205_g0001_t0000_s00532.tif;-675412;-491849;26600;532
tiles\g0000\t0000\Overwrite_error_20260205_g0000_t0000_s00533.tif;-620097;-619589;26650;533
tiles\g0000\t0001\Overwrite_error_20260205_g0000_t0001_s00533.tif;-430297;-619589;26650;533
tiles\g0001\t0000\Overwrite_error_20260205_g0001_t0000_s00533.tif;-675412;-491849;26650;533
tiles\g0000\t0000\Overwrite_error_20260205_g0000_t0000_s00534.tif;-620097;-619589;26700;534
tiles\g0000\t0001\Overwrite_error_20260205_g0000_t0001_s00534.tif;-430297;-619589;26700;534
tiles\g0001\t0000\Overwrite_error_20260205_g0001_t0000_s00534.tif;-675412;-491849;26700;534
tiles\g0000\t0000\Overwrite_error_20260205_g0000_t0000_s00535.tif;-620097;-619589;26750;535
tiles\g0000\t0001\Overwrite_error_20260205_g0000_t0001_s00535.tif;-430297;-619589;26750;535
tiles\g0001\t0000\Overwrite_error_20260205_g0001_t0000_s00535.tif;-675412;-491849;26750;535
tiles\g0000\t0000\Overwrite_error_20260205_g0000_t0000_s00536.tif;-620097;-619589;26800;536
tiles\g0000\t0001\Overwrite_error_20260205_g0000_t0001_s00536.tif;-430297;-619589;26800;536
tiles\g0001\t0000\Overwrite_error_20260205_g0001_t0000_s00536.tif;-675412;-491849;26800;536
tiles\g0000\t0000\Overwrite_error_20260205_g0000_t0000_s00537.tif;-620097;-619589;26850;537
tiles\g0000\t0001\Overwrite_error_20260205_g0000_t0001_s00537.tif;-430297;-619589;26850;537
tiles\g0001\t0000\Overwrite_error_20260205_g0001_t0000_s00537.tif;-675412;-491849;26850;537
tiles\g0000\t0000\Overwrite_error_20260205_g0000_t0000_s00538.tif;-620097;-619589;26900;538
tiles\g0000\t0001\Overwrite_error_20260205_g0000_t0001_s00538.tif;-430297;-619589;26900;538
tiles\g0001\t0000\Overwrite_error_20260205_g0001_t0000_s00538.tif;-675412;-491849;26900;538
tiles\g0000\t0000\Overwrite_error_20260205_g0000_t0000_s00539.tif;-620097;-619589;26950;539
tiles\g0000\t0001\Overwrite_error_20260205_g0000_t0001_s00539.tif;-430297;-619589;26950;539
tiles\g0001\t0000\Overwrite_error_20260205_g0001_t0000_s00539.tif;-675412;-491849;26950;539
tiles\g0000\t0000\Overwrite_error_20260205_g0000_t0000_s00540.tif;-620097;-619589;27000;540
tiles\g0000\t0001\Overwrite_error_20260205_g0000_t0001_s00540.tif;-430297;-619589;27000;540
tiles\g0001\t0000\Overwrite_error_20260205_g0001_t0000_s00540.tif;-675412;-491849;27000;540
tiles\g0000\t0000\Overwrite_error_20260205_g0000_t0000_s00541.tif;-620097;-619589;27050;541
tiles\g0000\t0001\Overwrite_error_20260205_g0000_t0001_s00541.tif;-430297;-619589;27050;541
tiles\g0001\t0000\Overwrite_error_20260205_g0001_t0000_s00541.tif;-675412;-491849;27050;541
tiles\g0000\t0000\Overwrite_error_20260205_g0000_t0000_s00542.tif;-620097;-619589;27100;542
tiles\g0000\t0001\Overwrite_error_20260205_g0000_t0001_s00542.tif;-430297;-619589;27100;542
tiles\g0001\t0000\Overwrite_error_20260205_g0001_t0000_s00542.tif;-675412;-491849;27100;542
tiles\g0000\t0000\Overwrite_error_20260205_g0000_t0000_s00543.tif;-620097;-619589;27150;543
tiles\g0000\t0001\Overwrite_error_20260205_g0000_t0001_s00543.tif;-430297;-619589;27150;543
tiles\g0001\t0000\Overwrite_error_20260205_g0001_t0000_s00543.tif;-675412;-491849;27150;543
tiles\g0000\t0000\Overwrite_error_20260205_g0000_t0000_s00544.tif;-620097;-619589;27200;544
tiles\g0000\t0001\Overwrite_error_20260205_g0000_t0001_s00544.tif;-430297;-619589;27200;544
tiles\g0001\t0000\Overwrite_error_20260205_g0001_t0000_s00544.tif;-675412;-491849;27200;544
tiles\g0000\t0000\Overwrite_error_20260205_g0000_t0000_s00545.tif;-620097;-619589;27250;545
tiles\g0000\t0001\Overwrite_error_20260205_g0000_t0001_s00545.tif;-430297;-619589;27250;545
tiles\g0001\t0000\Overwrite_error_20260205_g0001_t0000_s00545.tif;-675412;-491849;27250;545
tiles\g0000\t0000\Overwrite_error_20260205_g0000_t0000_s00546.tif;-620097;-619589;27300;546
tiles\g0000\t0001\Overwrite_error_20260205_g0000_t0001_s00546.tif;-430297;-619589;27300;546
tiles\g0001\t0000\Overwrite_error_20260205_g0001_t0000_s00546.tif;-675412;-491849;27300;546
tiles\g0000\t0000\Overwrite_error_20260205_g0000_t0000_s00547.tif;-620097;-619589;27350;547
tiles\g0000\t0001\Overwrite_error_20260205_g0000_t0001_s00547.tif;-430297;-619589;27350;547
tiles\g0001\t0000\Overwrite_error_20260205_g0001_t0000_s00547.tif;-675412;-491849;27350;547
tiles\g0000\t0000\Overwrite_error_20260205_g0000_t0000_s00548.tif;-620097;-619589;27400;548
tiles\g0000\t0001\Overwrite_error_20260205_g0000_t0001_s00548.tif;-430297;-619589;27400;548
tiles\g0001\t0000\Overwrite_error_20260205_g0001_t0000_s00548.tif;-675412;-491849;27400;548
tiles\g0000\t0000\Overwrite_error_20260205_g0000_t0000_s00549.tif;-620097;-619589;27450;549
tiles\g0000\t0001\Overwrite_error_20260205_g0000_t0001_s00549.tif;-430297;-619589;27450;549
tiles\g0001\t0000\Overwrite_error_20260205_g0001_t0000_s00549.tif;-675412;-491849;27450;549
tiles\g0000\t0000\Overwrite_error_20260205_g0000_t0000_s00550.tif;-620097;-619589;27500;550
tiles\g0000\t0001\Overwrite_error_20260205_g0000_t0001_s00550.tif;-430297;-619589;27500;550
tiles\g0001\t0000\Overwrite_error_20260205_g0001_t0000_s00550.tif;-675412;-491849;27500;550
tiles\g0000\t0000\Overwrite_error_20260205_g0000_t0000_s00551.tif;-620097;-619589;27550;551
tiles\g0000\t0001\Overwrite_error_20260205_g0000_t0001_s00551.tif;-430297;-619589;27550;551
tiles\g0001\t0000\Overwrite_error_20260205_g0001_t0000_s00551.tif;-675412;-491849;27550;551
tiles\g0000\t0000\Overwrite_error_20260205_g0000_t0000_s00552.tif;-620097;-619589;27600;552
tiles\g0000\t0001\Overwrite_error_20260205_g0000_t0001_s00552.tif;-430297;-619589;27600;552
tiles\g0001\t0000\Overwrite_error_20260205_g0001_t0000_s00552.tif;-675412;-491849;27600;552
tiles\g0000\t0000\Overwrite_error_20260205_g0000_t0000_s00553.tif;-620097;-619589;27650;553
tiles\g0000\t0001\Overwrite_error_20260205_g0000_t0001_s00553.tif;-430297;-619589;27650;553
tiles\g0001\t0000\Overwrite_error_20260205_g0001_t0000_s00553.tif;-675412;-491849;27650;553
tiles\g0000\t0000\Overwrite_error_20260205_g0000_t0000_s00554.tif;-620097;-619589;27700;554
tiles\g0000\t0001\Overwrite_error_20260205_g0000_t0001_s00554.tif;-430297;-619589;27700;554
tiles\g0001\t0000\Overwrite_error_20260205_g0001_t0000_s00554.tif;-675412;-491849;27700;554
tiles\g0000\t0000\Overwrite_error_20260205_g0000_t0000_s00555.tif;-620097;-619589;27750;555
tiles\g0000\t0001\Overwrite_error_20260205_g0000_t0001_s00555.tif;-430297;-619589;27750;555
tiles\g0001\t0000\Overwrite_error_20260205_g0001_t0000_s00555.tif;-675412;-491849;27750;555
tiles\g0000\t0000\Overwrite_error_20260205_g0000_t0000_s00556.tif;-620097;-619589;27800;556
tiles\g0000\t0001\Overwrite_error_20260205_g0000_t0001_s00556.tif;-430297;-619589;27800;556
tiles\g0001\t0000\Overwrite_error_20260205_g0001_t0000_s00556.tif;-675412;-491849;27800;556
tiles\g0000\t0000\Overwrite_error_20260205_g0000_t0000_s00557.tif;-620097;-619589;27850;557
tiles\g0000\t0001\Overwrite_error_20260205_g0000_t0001_s00557.tif;-430297;-619589;27850;557
tiles\g0001\t0000\Overwrite_error_20260205_g0001_t0000_s00557.tif;-675412;-491849;27850;557
tiles\g0000\t0000\Overwrite_error_20260205_g0000_t0000_s00558.tif;-620097;-619589;27900;558
tiles\g0000\t0001\Overwrite_error_20260205_g0000_t0001_s00558.tif;-430297;-619589;27900;558
tiles\g0001\t0000\Overwrite_error_20260205_g0001_t0000_s00558.tif;-675412;-491849;27900;558
tiles\g0000\t0000\Overwrite_error_20260205_g0000_t0000_s00559.tif;-620097;-619589;27950;559
tiles\g0000\t0001\Overwrite_error_20260205_g0000_t0001_s00559.tif;-430297;-619589;27950;559
tiles\g0001\t0000\Overwrite_error_20260205_g0001_t0000_s00559.tif;-675412;-491849;27950;559
tiles\g0000\t0000\Overwrite_error_20260205_g0000_t0000_s00560.tif;-620097;-619589;28000;560
tiles\g0000\t0001\Overwrite_error_20260205_g0000_t0001_s00560.tif;-430297;-619589;28000;560
tiles\g0001\t0000\Overwrite_error_20260205_g0001_t0000_s00560.tif;-675412;-491849;28000;560
tiles\g0000\t0000\Overwrite_error_20260205_g0000_t0000_s00561.tif;-620097;-619589;28050;561
tiles\g0000\t0001\Overwrite_error_20260205_g0000_t0001_s00561.tif;-430297;-619589;28050;561
tiles\g0001\t0000\Overwrite_error_20260205_g0001_t0000_s00561.tif;-675412;-491849;28050;561
tiles\g0000\t0000\Overwrite_error_20260205_g0000_t0000_s00562.tif;-620097;-619589;28100;562
tiles\g0000\t0001\Overwrite_error_20260205_g0000_t0001_s00562.tif;-430297;-619589;28100;562
tiles\g0001\t0000\Overwrite_error_20260205_g0001_t0000_s00562.tif;-675412;-491849;28100;562
tiles\g0000\t0000\Overwrite_error_20260205_g0000_t0000_s00563.tif;-620097;-619589;28150;563
tiles\g0000\t0001\Overwrite_error_20260205_g0000_t0001_s00563.tif;-430297;-619589;28150;563
tiles\g0001\t0000\Overwrite_error_20260205_g0001_t0000_s00563.tif;-675412;-491849;28150;563
tiles\g0000\t0000\Overwrite_error_20260205_g0000_t0000_s00564.tif;-620097;-619589;28200;564
tiles\g0000\t0001\Overwrite_error_20260205_g0000_t0001_s00564.tif;-430297;-619589;28200;564
tiles\g0001\t0000\Overwrite_error_20260205_g0001_t0000_s00564.tif;-675412;-491849;28200;564
tiles\g0000\t0000\Overwrite_error_20260205_g0000_t0000_s00565.tif;-620097;-619589;28250;565
tiles\g0000\t0001\Overwrite_error_20260205_g0000_t0001_s00565.tif;-430297;-619589;28250;565
tiles\g0001\t0000\Overwrite_error_20260205_g0001_t0000_s00565.tif;-675412;-491849;28250;565
tiles\g0000\t0000\Overwrite_error_20260205_g0000_t0000_s00566.tif;-620097;-619589;28300;566
tiles\g0000\t0001\Overwrite_error_20260205_g0000_t0001_s00566.tif;-430297;-619589;28300;566
tiles\g0001\t0000\Overwrite_error_20260205_g0001_t0000_s00566.tif;-675412;-491849;28300;566
tiles\g0000\t0000\Overwrite_error_20260205_g0000_t0000_s00567.tif;-620097;-619589;28350;567
tiles\g0000\t0001\Overwrite_error_20260205_g0000_t0001_s00567.tif;-430297;-619589;28350;567
tiles\g0001\t0000\Overwrite_error_20260205_g0001_t0000_s00567.tif;-675412;-491849;28350;567
tiles\g0000\t0000\Overwrite_error_20260205_g0000_t0000_s00568.tif;-620097;-619589;28400;568
tiles\g0000\t0001\Overwrite_error_20260205_g0000_t0001_s00568.tif;-430297;-619589;28400;568
tiles\g0001\t0000\Overwrite_error_20260205_g0001_t0000_s00568.tif;-675412;-491849;28400;568
tiles\g0000\t0000\Overwrite_error_20260205_g0000_t0000_s00569.tif;-620097;-619589;28450;569
tiles\g0000\t0001\Overwrite_error_20260205_g0000_t0001_s00569.tif;-430297;-619589;28450;569
tiles\g0001\t0000\Overwrite_error_20260205_g0001_t0000_s00569.tif;-675412;-491849;28450;569
tiles\g0000\t0000\Overwrite_error_20260205_g0000_t0000_s00570.tif;-620097;-619589;28500;570
tiles\g0000\t0001\Overwrite_error_20260205_g0000_t0001_s00570.tif;-430297;-619589;28500;570
tiles\g0001\t0000\Overwrite_error_20260205_g0001_t0000_s00570.tif;-675412;-491849;28500;570
tiles\g0000\t0000\Overwrite_error_20260205_g0000_t0000_s00571.tif;-620097;-619589;28550;571
tiles\g0000\t0001\Overwrite_error_20260205_g0000_t0001_s00571.tif;-430297;-619589;28550;571
tiles\g0001\t0000\Overwrite_error_20260205_g0001_t0000_s00571.tif;-675412;-491849;28550;571
tiles\g0000\t0000\Overwrite_error_20260205_g0000_t0000_s00572.tif;-620097;-619589;28600;572
tiles\g0000\t0001\Overwrite_error_20260205_g0000_t0001_s00572.tif;-430297;-619589;28600;572
tiles\g0001\t0000\Overwrite_error_20260205_g0001_t0000_s00572.tif;-675412;-491849;28600;572
tiles\g0000\t0000\Overwrite_error_20260205_g0000_t0000_s00573.tif;-620097;-619589;28650;573
tiles\g0000\t0001\Overwrite_error_20260205_g0000_t0001_s00573.tif;-430297;-619589;28650;573
tiles\g0001\t0000\Overwrite_error_20260205_g0001_t0000_s00573.tif;-675412;-491849;28650;573
tiles\g0000\t0000\Overwrite_error_20260205_g0000_t0000_s00574.tif;-620097;-619589;28700;574
tiles\g0000\t0001\Overwrite_error_20260205_g0000_t0001_s00574.tif;-430297;-619589;28700;574
tiles\g0001\t0000\Overwrite_error_20260205_g0001_t0000_s00574.tif;-675412;-491849;28700;574
tiles\g0000\t0000\Overwrite_error_20260205_g0000_t0000_s00575.tif;-620097;-619589;28750;575
tiles\g0000\t0001\Overwrite_error_20260205_g0000_t0001_s00575.tif;-430297;-619589;28750;575
tiles\g0001\t0000\Overwrite_error_20260205_g0001_t0000_s00575.tif;-675412;-491849;28750;575
tiles\g0000\t0000\Overwrite_error_20260205_g0000_t0000_s00576.tif;-620097;-619589;28800;576
tiles\g0000\t0001\Overwrite_error_20260205_g0000_t0001_s00576.tif;-430297;-619589;28800;576
tiles\g0001\t0000\Overwrite_error_20260205_g0001_t0000_s00576.tif;-675412;-491849;28800;576
tiles\g0000\t0000\Overwrite_error_20260205_g0000_t0000_s00577.tif;-620097;-619589;28850;577
tiles\g0000\t0001\Overwrite_error_20260205_g0000_t0001_s00577.tif;-430297;-619589;28850;577
tiles\g0001\t0000\Overwrite_error_20260205_g0001_t0000_s00577.tif;-675412;-491849;28850;577
tiles\g0000\t0000\Overwrite_error_20260205_g0000_t0000_s00578.tif;-620097;-619589;28900;578
tiles\g0000\t0001\Overwrite_error_20260205_g0000_t0001_s00578.tif;-430297;-619589;28900;578
tiles\g0001\t0000\Overwrite_error_20260205_g0001_t0000_s00578.tif;-675412;-491849;28900;578
tiles\g0000\t0000\Overwrite_error_20260205_g0000_t0000_s00579.tif;-620097;-619589;28950;579
tiles\g0000\t0001\Overwrite_error_20260205_g0000_t0001_s00579.tif;-430297;-619589;28950;579
tiles\g0001\t0000\Overwrite_error_20260205_g0001_t0000_s00579.tif;-675412;-491849;28950;579
tiles\g0000\t0000\Overwrite_error_20260205_g0000_t0000_s00580.tif;-620097;-619589;29000;580
tiles\g0000\t0001\Overwrite_error_20260205_g0000_t0001_s00580.tif;-430297;-619589;29000;580
tiles\g0001\t0000\Overwrite_error_20260205_g0001_t0000_s00580.tif;-675412;-491849;29000;580
tiles\g0000\t0000\Overwrite_error_20260205_g0000_t0000_s00581.tif;-620097;-619589;29050;581
tiles\g0000\t0001\Overwrite_error_20260205_g0000_t0001_s00581.tif;-430297;-619589;29050;581
tiles\g0001\t0000\Overwrite_error_20260205_g0001_t0000_s00581.tif;-675412;-491849;29050;581
tiles\g0000\t0000\Overwrite_error_20260205_g0000_t0000_s00582.tif;-620097;-619589;29100;582
tiles\g0000\t0001\Overwrite_error_20260205_g0000_t0001_s00582.tif;-430297;-619589;29100;582
tiles\g0001\t0000\Overwrite_error_20260205_g0001_t0000_s00582.tif;-675412;-491849;29100;582
tiles\g0000\t0000\Overwrite_error_20260205_g0000_t0000_s00583.tif;-620097;-619589;29150;583
tiles\g0000\t0001\Overwrite_error_20260205_g0000_t0001_s00583.tif;-430297;-619589;29150;583
tiles\g0001\t0000\Overwrite_error_20260205_g0001_t0000_s00583.tif;-675412;-491849;29150;583
tiles\g0000\t0000\Overwrite_error_20260205_g0000_t0000_s00584.tif;-620097;-619589;29200;584
tiles\g0000\t0001\Overwrite_error_20260205_g0000_t0001_s00584.tif;-430297;-619589;29200;584
tiles\g0001\t0000\Overwrite_error_20260205_g0001_t0000_s00584.tif;-675412;-491849;29200;584
tiles\g0000\t0000\Overwrite_error_20260205_g0000_t0000_s00585.tif;-620097;-619589;29250;585
tiles\g0000\t0001\Overwrite_error_20260205_g0000_t0001_s00585.tif;-430297;-619589;29250;585
tiles\g0001\t0000\Overwrite_error_20260205_g0001_t0000_s00585.tif;-675412;-491849;29250;585
tiles\g0000\t0000\Overwrite_error_20260205_g0000_t0000_s00586.tif;-620097;-619589;29300;586
tiles\g0000\t0001\Overwrite_error_20260205_g0000_t0001_s00586.tif;-430297;-619589;29300;586
tiles\g0001\t0000\Overwrite_error_20260205_g0001_t0000_s00586.tif;-675412;-491849;29300;586
tiles\g0000\t0000\Overwrite_error_20260205_g0000_t0000_s00587.tif;-620097;-619589;29350;587
tiles\g0000\t0001\Overwrite_error_20260205_g0000_t0001_s00587.tif;-430297;-619589;29350;587
tiles\g0001\t0000\Overwrite_error_20260205_g0001_t0000_s00587.tif;-675412;-491849;29350;587
tiles\g0000\t0000\Overwrite_error_20260205_g0000_t0000_s00588.tif;-620097;-619589;29400;588
tiles\g0000\t0001\Overwrite_error_20260205_g0000_t0001_s00588.tif;-430297;-619589;29400;588
tiles\g0001\t0000\Overwrite_error_20260205_g0001_t0000_s00588.tif;-675412;-491849;29400;588
tiles\g0000\t0000\Overwrite_error_20260205_g0000_t0000_s00589.tif;-620097;-619589;29450;589
tiles\g0000\t0001\Overwrite_error_20260205_g0000_t0001_s00589.tif;-430297;-619589;29450;589
tiles\g0001\t0000\Overwrite_error_20260205_g0001_t0000_s00589.tif;-675412;-491849;29450;589
tiles\g0000\t0000\Overwrite_error_20260205_g0000_t0000_s00590.tif;-620097;-619589;29500;590
tiles\g0000\t0001\Overwrite_error_20260205_g0000_t0001_s00590.tif;-430297;-619589;29500;590
tiles\g0001\t0000\Overwrite_error_20260205_g0001_t0000_s00590.tif;-675412;-491849;29500;590
tiles\g0000\t0000\Overwrite_error_20260205_g0000_t0000_s00591.tif;-620097;-619589;29550;591
tiles\g0000\t0001\Overwrite_error_20260205_g0000_t0001_s00591.tif;-430297;-619589;29550;591
tiles\g0001\t0000\Overwrite_error_20260205_g0001_t0000_s00591.tif;-675412;-491849;29550;591
tiles\g0000\t0000\Overwrite_error_20260205_g0000_t0000_s00592.tif;-620097;-619589;29600;592
tiles\g0000\t0001\Overwrite_error_20260205_g0000_t0001_s00592.tif;-430297;-619589;29600;592
tiles\g0001\t0000\Overwrite_error_20260205_g0001_t0000_s00592.tif;-675412;-491849;29600;592
tiles\g0000\t0000\Overwrite_error_20260205_g0000_t0000_s00593.tif;-620097;-619589;29650;593
tiles\g0000\t0001\Overwrite_error_20260205_g0000_t0001_s00593.tif;-430297;-619589;29650;593
tiles\g0001\t0000\Overwrite_error_20260205_g0001_t0000_s00593.tif;-675412;-491849;29650;593
tiles\g0000\t0000\Overwrite_error_20260205_g0000_t0000_s00594.tif;-620097;-619589;29700;594
tiles\g0000\t0001\Overwrite_error_20260205_g0000_t0001_s00594.tif;-430297;-619589;29700;594
tiles\g0001\t0000\Overwrite_error_20260205_g0001_t0000_s00594.tif;-675412;-491849;29700;594
tiles\g0000\t0000\Overwrite_error_20260205_g0000_t0000_s00595.tif;-620097;-619589;29750;595
tiles\g0000\t0001\Overwrite_error_20260205_g0000_t0001_s00595.tif;-430297;-619589;29750;595
tiles\g0001\t0000\Overwrite_error_20260205_g0001_t0000_s00595.tif;-675412;-491849;29750;595
tiles\g0000\t0000\Overwrite_error_20260205_g0000_t0000_s00596.tif;-620097;-619589;29800;596
tiles\g0000\t0001\Overwrite_error_20260205_g0000_t0001_s00596.tif;-430297;-619589;29800;596
tiles\g0001\t0000\Overwrite_error_20260205_g0001_t0000_s00596.tif;-675412;-491849;29800;596
tiles\g0000\t0000\Overwrite_error_20260205_g0000_t0000_s00597.tif;-620097;-619589;29850;597
tiles\g0000\t0001\Overwrite_error_20260205_g0000_t0001_s00597.tif;-430297;-619589;29850;597
tiles\g0001\t0000\Overwrite_error_20260205_g0001_t0000_s00597.tif;-675412;-491849;29850;597
tiles\g0000\t0000\Overwrite_error_20260205_g0000_t0000_s00598.tif;-620097;-619589;29900;598
tiles\g0000\t0001\Overwrite_error_20260205_g0000_t0001_s00598.tif;-430297;-619589;29900;598
tiles\g0001\t0000\Overwrite_error_20260205_g0001_t0000_s00598.tif;-675412;-491849;29900;598
tiles\g0000\t0000\Overwrite_error_20260205_g0000_t0000_s00599.tif;-620097;-619589;29950;599
tiles\g0000\t0001\Overwrite_error_20260205_g0000_t0001_s00599.tif;-430297;-619589;29950;599
tiles\g0001\t0000\Overwrite_error_20260205_g0001_t0000_s00599.tif;-675412;-491849;29950;599
tiles\g0000\t0000\Overwrite_error_20260205_g0000_t0000_s00600.tif;-620097;-619589;30000;600
tiles\g0000\t0001\Overwrite_error_20260205_g0000_t0001_s00600.tif;-430297;-619589;30000;600
tiles\g0001\t0000\Overwrite_error_20260205_g0001_t0000_s00600.tif;-675412;-491849;30000;600
tiles\g0000\t0000\Overwrite_error_20260205_g0000_t0000_s00601.tif;-620097;-619589;30050;601
tiles\g0000\t0001\Overwrite_error_20260205_g0000_t0001_s00601.tif;-430297;-619589;30050;601
tiles\g0001\t0000\Overwrite_error_20260205_g0001_t0000_s00601.tif;-675412;-491849;30050;601
tiles\g0000\t0000\Overwrite_error_20260205_g0000_t0000_s00602.tif;-620097;-619589;30100;602
tiles\g0000\t0001\Overwrite_error_20260205_g0000_t0001_s00602.tif;-430297;-619589;30100;602
tiles\g0001\t0000\Overwrite_error_20260205_g0001_t0000_s00602.tif;-675412;-491849;30100;602
tiles\g0000\t0000\Overwrite_error_20260205_g0000_t0000_s00603.tif;-620097;-619589;30150;603
tiles\g0000\t0001\Overwrite_error_20260205_g0000_t0001_s00603.tif;-430297;-619589;30150;603
tiles\g0001\t0000\Overwrite_error_20260205_g0001_t0000_s00603.tif;-675412;-491849;30150;603
tiles\g0000\t0000\Overwrite_error_20260205_g0000_t0000_s00604.tif;-620097;-619589;30200;604
tiles\g0000\t0001\Overwrite_error_20260205_g0000_t0001_s00604.tif;-430297;-619589;30200;604
tiles\g0001\t0000\Overwrite_error_20260205_g0001_t0000_s00604.tif;-675412;-491849;30200;604
tiles\g0000\t0000\Overwrite_error_20260205_g0000_t0000_s00605.tif;-620097;-619589;30250;605
tiles\g0000\t0001\Overwrite_error_20260205_g0000_t0001_s00605.tif;-430297;-619589;30250;605
tiles\g0001\t0000\Overwrite_error_20260205_g0001_t0000_s00605.tif;-675412;-491849;30250;605
tiles\g0000\t0000\Overwrite_error_20260205_g0000_t0000_s00606.tif;-620097;-619589;30300;606
tiles\g0000\t0001\Overwrite_error_20260205_g0000_t0001_s00606.tif;-430297;-619589;30300;606
tiles\g0001\t0000\Overwrite_error_20260205_g0001_t0000_s00606.tif;-675412;-491849;30300;606
tiles\g0000\t0000\Overwrite_error_20260205_g0000_t0000_s00607.tif;-620097;-619589;30350;607
tiles\g0000\t0001\Overwrite_error_20260205_g0000_t0001_s00607.tif;-430297;-619589;30350;607
tiles\g0001\t0000\Overwrite_error_20260205_g0001_t0000_s00607.tif;-675412;-491849;30350;607
tiles\g0000\t0000\Overwrite_error_20260205_g0000_t0000_s00608.tif;-620097;-619589;30400;608
tiles\g0000\t0001\Overwrite_error_20260205_g0000_t0001_s00608.tif;-430297;-619589;30400;608
tiles\g0001\t0000\Overwrite_error_20260205_g0001_t0000_s00608.tif;-675412;-491849;30400;608
tiles\g0000\t0000\Overwrite_error_20260205_g0000_t0000_s00609.tif;-620097;-619589;30450;609
tiles\g0000\t0001\Overwrite_error_20260205_g0000_t0001_s00609.tif;-430297;-619589;30450;609
tiles\g0001\t0000\Overwrite_error_20260205_g0001_t0000_s00609.tif;-675412;-491849;30450;609
tiles\g0000\t0000\Overwrite_error_20260205_g0000_t0000_s00610.tif;-620097;-619589;30500;610
tiles\g0000\t0001\Overwrite_error_20260205_g0000_t0001_s00610.tif;-430297;-619589;30500;610
tiles\g0001\t0000\Overwrite_error_20260205_g0001_t0000_s00610.tif;-675412;-491849;30500;610
tiles\g0000\t0000\Overwrite_error_20260205_g0000_t0000_s00611.tif;-620097;-619589;30550;611
tiles\g0000\t0001\Overwrite_error_20260205_g0000_t0001_s00611.tif;-430297;-619589;30550;611
tiles\g0001\t0000\Overwrite_error_20260205_g0001_t0000_s00611.tif;-675412;-491849;30550;611
tiles\g0000\t0000\Overwrite_error_20260205_g0000_t0000_s00612.tif;-620097;-619589;30600;612
tiles\g0000\t0001\Overwrite_error_20260205_g0000_t0001_s00612.tif;-430297;-619589;30600;612
tiles\g0001\t0000\Overwrite_error_20260205_g0001_t0000_s00612.tif;-675412;-491849;30600;612
tiles\g0000\t0000\Overwrite_error_20260205_g0000_t0000_s00613.tif;-620097;-619589;30650;613
tiles\g0000\t0001\Overwrite_error_20260205_g0000_t0001_s00613.tif;-430297;-619589;30650;613
tiles\g0001\t0000\Overwrite_error_20260205_g0001_t0000_s00613.tif;-675412;-491849;30650;613
tiles\g0000\t0000\Overwrite_error_20260205_g0000_t0000_s00614.tif;-620097;-619589;30700;614
tiles\g0000\t0001\Overwrite_error_20260205_g0000_t0001_s00614.tif;-430297;-619589;30700;614
tiles\g0001\t0000\Overwrite_error_20260205_g0001_t0000_s00614.tif;-675412;-491849;30700;614
tiles\g0000\t0000\Overwrite_error_20260205_g0000_t0000_s00615.tif;-620097;-619589;30750;615
tiles\g0000\t0001\Overwrite_error_20260205_g0000_t0001_s00615.tif;-430297;-619589;30750;615
tiles\g0001\t0000\Overwrite_error_20260205_g0001_t0000_s00615.tif;-675412;-491849;30750;615
tiles\g0000\t0000\Overwrite_error_20260205_g0000_t0000_s00616.tif;-620097;-619589;30800;616
tiles\g0000\t0001\Overwrite_error_20260205_g0000_t0001_s00616.tif;-430297;-619589;30800;616
tiles\g0001\t0000\Overwrite_error_20260205_g0001_t0000_s00616.tif;-675412;-491849;30800;616
tiles\g0000\t0000\Overwrite_error_20260205_g0000_t0000_s00617.tif;-620097;-619589;30850;617
tiles\g0000\t0001\Overwrite_error_20260205_g0000_t0001_s00617.tif;-430297;-619589;30850;617
tiles\g0001\t0000\Overwrite_error_20260205_g0001_t0000_s00617.tif;-675412;-491849;30850;617
tiles\g0000\t0000\Overwrite_error_20260205_g0000_t0000_s00618.tif;-620097;-619589;30900;618
tiles\g0000\t0001\Overwrite_error_20260205_g0000_t0001_s00618.tif;-430297;-619589;30900;618
tiles\g0001\t0000\Overwrite_error_20260205_g0001_t0000_s00618.tif;-675412;-491849;30900;618
tiles\g0000\t0000\Overwrite_error_20260205_g0000_t0000_s00619.tif;-620097;-619589;30950;619
tiles\g0000\t0001\Overwrite_error_20260205_g0000_t0001_s00619.tif;-430297;-619589;30950;619
tiles\g0001\t0000\Overwrite_error_20260205_g0001_t0000_s00619.tif;-675412;-491849;30950;619
tiles\g0000\t0000\Overwrite_error_20260205_g0000_t0000_s00620.tif;-620097;-619589;31000;620
tiles\g0000\t0001\Overwrite_error_20260205_g0000_t0001_s00620.tif;-430297;-619589;31000;620
tiles\g0001\t0000\Overwrite_error_20260205_g0001_t0000_s00620.tif;-675412;-491849;31000;620
tiles\g0000\t0000\Overwrite_error_20260205_g0000_t0000_s00621.tif;-620097;-619589;31050;621
tiles\g0000\t0001\Overwrite_error_20260205_g0000_t0001_s00621.tif;-430297;-619589;31050;621
tiles\g0001\t0000\Overwrite_error_20260205_g0001_t0000_s00621.tif;-675412;-491849;31050;621
tiles\g0000\t0000\Overwrite_error_20260205_g0000_t0000_s00622.tif;-620097;-619589;31100;622
tiles\g0000\t0001\Overwrite_error_20260205_g0000_t0001_s00622.tif;-430297;-619589;31100;622
tiles\g0001\t0000\Overwrite_error_20260205_g0001_t0000_s00622.tif;-675412;-491849;31100;622
tiles\g0000\t0000\Overwrite_error_20260205_g0000_t0000_s00623.tif;-620097;-619589;31150;623
tiles\g0000\t0001\Overwrite_error_20260205_g0000_t0001_s00623.tif;-430297;-619589;31150;623
tiles\g0001\t0000\Overwrite_error_20260205_g0001_t0000_s00623.tif;-675412;-491849;31150;623
tiles\g0000\t0000\Overwrite_error_20260205_g0000_t0000_s00624.tif;-620097;-619589;31200;624
tiles\g0000\t0001\Overwrite_error_20260205_g0000_t0001_s00624.tif;-430297;-619589;31200;624
tiles\g0001\t0000\Overwrite_error_20260205_g0001_t0000_s00624.tif;-675412;-491849;31200;624
tiles\g0000\t0000\Overwrite_error_20260205_g0000_t0000_s00625.tif;-620097;-619589;31250;625
tiles\g0000\t0001\Overwrite_error_20260205_g0000_t0001_s00625.tif;-430297;-619589;31250;625
tiles\g0001\t0000\Overwrite_error_20260205_g0001_t0000_s00625.tif;-675412;-491849;31250;625
tiles\g0000\t0000\Overwrite_error_20260205_g0000_t0000_s00626.tif;-620097;-619589;31300;626
tiles\g0000\t0001\Overwrite_error_20260205_g0000_t0001_s00626.tif;-430297;-619589;31300;626
tiles\g0001\t0000\Overwrite_error_20260205_g0001_t0000_s00626.tif;-675412;-491849;31300;626
tiles\g0000\t0000\Overwrite_error_20260205_g0000_t0000_s00627.tif;-620097;-619589;31350;627
tiles\g0000\t0001\Overwrite_error_20260205_g0000_t0001_s00627.tif;-430297;-619589;31350;627
tiles\g0001\t0000\Overwrite_error_20260205_g0001_t0000_s00627.tif;-675412;-491849;31350;627
tiles\g0000\t0000\Overwrite_error_20260205_g0000_t0000_s00628.tif;-620097;-619589;31400;628
tiles\g0000\t0001\Overwrite_error_20260205_g0000_t0001_s00628.tif;-430297;-619589;31400;628
tiles\g0001\t0000\Overwrite_error_20260205_g0001_t0000_s00628.tif;-675412;-491849;31400;628
tiles\g0000\t0000\Overwrite_error_20260205_g0000_t0000_s00629.tif;-620097;-619589;31450;629
tiles\g0000\t0001\Overwrite_error_20260205_g0000_t0001_s00629.tif;-430297;-619589;31450;629
tiles\g0001\t0000\Overwrite_error_20260205_g0001_t0000_s00629.tif;-675412;-491849;31450;629
tiles\g0000\t0000\Overwrite_error_20260205_g0000_t0000_s00630.tif;-620097;-619589;31500;630
tiles\g0000\t0001\Overwrite_error_20260205_g0000_t0001_s00630.tif;-430297;-619589;31500;630
tiles\g0001\t0000\Overwrite_error_20260205_g0001_t0000_s00630.tif;-675412;-491849;31500;630
tiles\g0000\t0000\Overwrite_error_20260205_g0000_t0000_s00631.tif;-620097;-619589;31550;631
tiles\g0000\t0001\Overwrite_error_20260205_g0000_t0001_s00631.tif;-430297;-619589;31550;631
tiles\g0001\t0000\Overwrite_error_20260205_g0001_t0000_s00631.tif;-675412;-491849;31550;631
tiles\g0000\t0000\Overwrite_error_20260205_g0000_t0000_s00632.tif;-620097;-619589;31600;632
tiles\g0000\t0001\Overwrite_error_20260205_g0000_t0001_s00632.tif;-430297;-619589;31600;632
tiles\g0001\t0000\Overwrite_error_20260205_g0001_t0000_s00632.tif;-675412;-491849;31600;632
tiles\g0000\t0000\Overwrite_error_20260205_g0000_t0000_s00633.tif;-620097;-619589;31650;633
tiles\g0000\t0001\Overwrite_error_20260205_g0000_t0001_s00633.tif;-430297;-619589;31650;633
tiles\g0001\t0000\Overwrite_error_20260205_g0001_t0000_s00633.tif;-675412;-491849;31650;633
tiles\g0000\t0000\Overwrite_error_20260205_g0000_t0000_s00634.tif;-620097;-619589;31700;634
tiles\g0000\t0001\Overwrite_error_20260205_g0000_t0001_s00634.tif;-430297;-619589;31700;634
tiles\g0001\t0000\Overwrite_error_20260205_g0001_t0000_s00634.tif;-675412;-491849;31700;634
tiles\g0000\t0000\Overwrite_error_20260205_g0000_t0000_s00635.tif;-620097;-619589;31750;635
tiles\g0000\t0001\Overwrite_error_20260205_g0000_t0001_s00635.tif;-430297;-619589;31750;635
tiles\g0001\t0000\Overwrite_error_20260205_g0001_t0000_s00635.tif;-675412;-491849;31750;635
tiles\g0000\t0000\Overwrite_error_20260205_g0000_t0000_s00636.tif;-620097;-619589;31800;636
tiles\g0000\t0001\Overwrite_error_20260205_g0000_t0001_s00636.tif;-430297;-619589;31800;636
tiles\g0001\t0000\Overwrite_error_20260205_g0001_t0000_s00636.tif;-675412;-491849;31800;636
tiles\g0000\t0000\Overwrite_error_20260205_g0000_t0000_s00637.tif;-620097;-619589;31850;637
tiles\g0000\t0001\Overwrite_error_20260205_g0000_t0001_s00637.tif;-430297;-619589;31850;637
tiles\g0001\t0000\Overwrite_error_20260205_g0001_t0000_s00637.tif;-675412;-491849;31850;637
tiles\g0000\t0000\Overwrite_error_20260205_g0000_t0000_s00638.tif;-620097;-619589;31900;638
tiles\g0000\t0001\Overwrite_error_20260205_g0000_t0001_s00638.tif;-430297;-619589;31900;638
tiles\g0001\t0000\Overwrite_error_20260205_g0001_t0000_s00638.tif;-675412;-491849;31900;638
tiles\g0000\t0000\Overwrite_error_20260205_g0000_t0000_s00639.tif;-620097;-619589;31950;639
tiles\g0000\t0001\Overwrite_error_20260205_g0000_t0001_s00639.tif;-430297;-619589;31950;639
tiles\g0001\t0000\Overwrite_error_20260205_g0001_t0000_s00639.tif;-675412;-491849;31950;639
tiles\g0000\t0000\Overwrite_error_20260205_g0000_t0000_s00640.tif;-620097;-619589;32000;640
tiles\g0000\t0001\Overwrite_error_20260205_g0000_t0001_s00640.tif;-430297;-619589;32000;640
tiles\g0001\t0000\Overwrite_error_20260205_g0001_t0000_s00640.tif;-675412;-491849;32000;640
tiles\g0000\t0000\Overwrite_error_20260205_g0000_t0000_s00641.tif;-620097;-619589;32050;641
tiles\g0000\t0001\Overwrite_error_20260205_g0000_t0001_s00641.tif;-430297;-619589;32050;641
tiles\g0001\t0000\Overwrite_error_20260205_g0001_t0000_s00641.tif;-675412;-491849;32050;641
tiles\g0000\t0000\Overwrite_error_20260205_g0000_t0000_s00642.tif;-620097;-619589;32100;642
tiles\g0000\t0001\Overwrite_error_20260205_g0000_t0001_s00642.tif;-430297;-619589;32100;642
tiles\g0001\t0000\Overwrite_error_20260205_g0001_t0000_s00642.tif;-675412;-491849;32100;642
tiles\g0000\t0000\Overwrite_error_20260205_g0000_t0000_s00643.tif;-620097;-619589;32150;643
tiles\g0000\t0001\Overwrite_error_20260205_g0000_t0001_s00643.tif;-430297;-619589;32150;643
tiles\g0001\t0000\Overwrite_error_20260205_g0001_t0000_s00643.tif;-675412;-491849;32150;643
